4417998
4426820
75105966
75255940
4426820
4417998
75255940
75105966
25131114
25139028
468655170
468787892
25139028
25131114
468787892
468655170
27106184
27420328
506181500
512132592
27420328
27106184
512132592
506181500
29758281
27511327
573331475
514576175
30072776
27197183
579230422
508651863
30145118
27693825
583572841
519452237
30460319
27379190
589448693
513553853
30145143
28027561
583573316
528265622
30460349
27713515
589449263
522468459
30458870
28619953
592015824
543383648
30773437
28272293
597877038
537123980
30503874
29411189
593195376
562884900
30815515
29128385
599003770
557734210
30508971
29756337
593287122
570819261
30820700
29437337
599097100
564910705
30827359
29875673
601872758
573887401
31139088
29561158
607704416
568032491
