     1	Send 0 6627392
     2	Send 1 6624825
     3	Send 2 0
     4	Send 3 0
     5	Send 0 112665664
     6	Send 1 112622025
     7	Send 2 0
     8	Send 3 0
     9	Recv 0 2220461
    10	Recv 1 2218944
    11	Recv 2 4415753
    12	Recv 3 4397059
    13	Recv 0 37747837
    14	Recv 1 37722048
    15	Recv 2 75067801
    16	Recv 3 74750003
    17	Send 0 22176916
    18	Send 1 22143309
    19	Send 2 15546156
    20	Send 3 15509068
    21	Send 0 408106620
    22	Send 1 407473221
    23	Send 2 295376964
    24	Send 3 294672292
    25	Recv 0 17769073
    26	Recv 1 17739336
    27	Recv 2 19961913
    28	Recv 3 19905127
    29	Recv 0 333171465
    30	Recv 1 332609496
    31	Recv 2 370444841
    32	Recv 3 369403295
    33	Send 0 23777208
    34	Send 1 23724805
    35	Send 2 17136962
    36	Send 3 17122367
    37	Send 0 438512168
    38	Send 1 437521645
    39	Send 2 325602278
    40	Send 3 325324973
    41	Recv 0 19364656
    42	Recv 1 19349037
    43	Recv 2 21567373
    44	Recv 3 21480276
    45	Recv 0 363487542
    46	Recv 1 363193815
    47	Recv 2 400948581
    48	Recv 3 399331126
    49	Send 0 25765107
    50	Send 1 23797024
    51	Send 2 17209263
    52	Send 3 17194357
    53	Send 0 488862679
    54	Send 1 439471128
    55	Send 2 327554991
    56	Send 3 327266799
    57	Recv 0 21364723
    58	Recv 1 19421256
    59	Recv 2 21639674
    60	Recv 3 21552266
    61	Recv 0 414054402
    62	Recv 1 365144158
    63	Recv 2 402900122
    64	Recv 3 401276760
    65	Send 0 26054506
    66	Send 1 23938026
    67	Send 2 17350907
    68	Send 3 17335553
    69	Send 0 496515800
    70	Send 1 443251400
    71	Send 2 331354832
    72	Send 3 331050339
    73	Recv 0 21654525
    74	Recv 1 19562265
    75	Recv 2 21781293
    76	Recv 3 21693394
    77	Recv 0 421699417
    78	Recv 1 368928639
    79	Recv 2 406697905
    80	Recv 3 405065459
    81	Send 0 26054528
    82	Send 1 24200861
    83	Send 2 17616123
    84	Send 3 17600650
    85	Send 0 496516218
    86	Send 1 450218030
    87	Send 2 338392707
    88	Send 3 338072178
    89	Recv 0 21654546
    90	Recv 1 19825542
    91	Recv 2 22046908
    92	Recv 3 21957473
    93	Recv 0 421699816
    94	Recv 1 375917254
    95	Recv 2 413741774
    96	Recv 3 412079902
    97	Send 0 26293440
    98	Send 1 24660071
    99	Send 2 18073476
   100	Send 3 18055769
   101	Send 0 502933306
   102	Send 1 462053794
   103	Send 2 350201377
   104	Send 3 349799498
   105	Recv 0 21893171
   106	Recv 1 20281313
   107	Recv 2 22505801
   108	Recv 3 22410500
   109	Recv 0 428128919
   110	Recv 1 387720228
   111	Recv 2 425600758
   112	Recv 3 423815938
   113	Send 0 26328297
   114	Send 1 25262026
   115	Send 2 18666348
   116	Send 3 18652843
   117	Send 0 503838779
   118	Send 1 476579861
   119	Send 2 364532830
   120	Send 3 364182205
   121	Recv 0 21925273
   122	Recv 1 20864013
   123	Recv 2 23092151
   124	Recv 3 22983425
   125	Recv 0 428984805
   126	Recv 1 401890277
   127	Recv 2 439816453
   128	Recv 3 437773965
   129	Send 0 26332111
   130	Send 1 25494560
   131	Send 2 18895636
   132	Send 3 18886797
   133	Send 0 503907431
   134	Send 1 481984791
   135	Send 2 369848547
   136	Send 3 369644024
   137	Recv 0 21929091
   138	Recv 1 21105441
   139	Recv 2 23329176
   140	Recv 3 23232156
   141	Recv 0 429053529
   142	Recv 1 407443155
   143	Recv 2 445257713
   144	Recv 3 443470522
   145	Send 0 26567203
   146	Send 1 25578050
   147	Send 2 18977866
   148	Send 3 18973060
   149	Send 0 510270455
   150	Send 1 484133937
   151	Send 2 371965076
   152	Send 3 371866870
   153	Recv 0 22164183
   154	Recv 1 21192450
   155	Recv 2 23414371
   156	Recv 3 23322521
   157	Recv 0 435385473
   158	Recv 1 409654543
   159	Recv 2 447417326
   160	Recv 3 445759088
