     1	Send 0 4417998
     2	Send 1 4426820
     3	Send 0 75105966
     4	Send 1 75255940
     5	Recv 0 4426820
     6	Recv 1 4417998
     7	Recv 0 75255940
     8	Recv 1 75105966
     9	Send 0 25131114
    10	Send 1 25139028
    11	Send 0 468655170
    12	Send 1 468787892
    13	Recv 0 25139028
    14	Recv 1 25131114
    15	Recv 0 468787892
    16	Recv 1 468655170
    17	Send 0 27106184
    18	Send 1 27420328
    19	Send 0 506181500
    20	Send 1 512132592
    21	Recv 0 27420328
    22	Recv 1 27106184
    23	Recv 0 512132592
    24	Recv 1 506181500
    25	Send 0 29758281
    26	Send 1 27511327
    27	Send 0 573331475
    28	Send 1 514576175
    29	Recv 0 30072776
    30	Recv 1 27197183
    31	Recv 0 579230422
    32	Recv 1 508651863
    33	Send 0 30145118
    34	Send 1 27693825
    35	Send 0 583572841
    36	Send 1 519452237
    37	Recv 0 30460319
    38	Recv 1 27379190
    39	Recv 0 589448693
    40	Recv 1 513553853
    41	Send 0 30145143
    42	Send 1 28027561
    43	Send 0 583573316
    44	Send 1 528265622
    45	Recv 0 30460349
    46	Recv 1 27713515
    47	Recv 0 589449263
    48	Recv 1 522468459
    49	Send 0 30458870
    50	Send 1 28619953
    51	Send 0 592015824
    52	Send 1 543383648
    53	Recv 0 30773437
    54	Recv 1 28272293
    55	Recv 0 597877038
    56	Recv 1 537123980
    57	Send 0 30503874
    58	Send 1 29411189
    59	Send 0 593195376
    60	Send 1 562884900
    61	Recv 0 30815515
    62	Recv 1 29128385
    63	Recv 0 599003770
    64	Recv 1 557734210
    65	Send 0 30508971
    66	Send 1 29756337
    67	Send 0 593287122
    68	Send 1 570819261
    69	Recv 0 30820700
    70	Recv 1 29437337
    71	Recv 0 599097100
    72	Recv 1 564910705
    73	Send 0 30827359
    74	Send 1 29875673
    75	Send 0 601872758
    76	Send 1 573887401
    77	Recv 0 31139088
    78	Recv 1 29561158
    79	Recv 0 607704416
    80	Recv 1 568032491
