     1	Send 0 7754983
     2	Send 1 7752481
     3	Send 2 0
     4	Send 3 0
     5	Send 4 0
     6	Send 5 0
     7	Send 6 0
     8	Send 7 0
     9	Send 0 131834711
    10	Send 1 131792177
    11	Send 2 0
    12	Send 3 0
    13	Send 4 0
    14	Send 5 0
    15	Send 6 0
    16	Send 7 0
    17	Recv 0 1097760
    18	Recv 1 1094603
    19	Recv 2 2189934
    20	Recv 3 2209830
    21	Recv 4 2250292
    22	Recv 5 2251997
    23	Recv 6 2225819
    24	Recv 7 2187229
    25	Recv 0 18661920
    26	Recv 1 18608251
    27	Recv 2 37228878
    28	Recv 3 37567110
    29	Recv 4 38254964
    30	Recv 5 38283949
    31	Recv 6 37838923
    32	Recv 7 37182893
    33	Send 0 16827883
    34	Send 1 16804641
    35	Send 2 9081152
    36	Send 3 9050720
    37	Send 4 9075752
    38	Send 5 9058552
    39	Send 6 9065488
    40	Send 7 9037920
    41	Send 0 304219811
    42	Send 1 303783217
    43	Send 2 172541888
    44	Send 3 171963680
    45	Send 4 172439288
    46	Send 5 172112488
    47	Send 6 172244272
    48	Send 7 171720480
    49	Recv 0 10171172
    50	Recv 1 10150295
    51	Recv 2 11269074
    52	Recv 3 11261258
    53	Recv 4 11324620
    54	Recv 5 11308925
    55	Recv 6 11293323
    56	Recv 7 11223441
    57	Recv 0 191056748
    58	Recv 1 190666399
    59	Recv 2 209732538
    60	Recv 3 209544242
    61	Recv 4 210667196
    62	Recv 5 210365581
    63	Recv 6 210121499
    64	Recv 7 208870921
    65	Send 0 17761174
    66	Send 1 17731762
    67	Send 2 10019625
    68	Send 3 9979542
    69	Send 4 10008158
    70	Send 5 9983570
    71	Send 6 10005333
    72	Send 7 9971748
    73	Send 0 321952340
    74	Send 1 321398516
    75	Send 2 190372875
    76	Send 3 189611298
    77	Send 4 190155002
    78	Send 5 189687830
    79	Send 6 190101327
    80	Send 7 189463212
    81	Recv 0 11105364
    82	Recv 1 11086529
    83	Recv 2 12199356
    84	Recv 3 12194718
    85	Recv 4 12257986
    86	Recv 5 12248478
    87	Recv 6 12218877
    88	Recv 7 12149604
    89	Recv 0 208806396
    90	Recv 1 208454845
    91	Recv 2 227407896
    92	Recv 3 227279982
    93	Recv 4 228401150
    94	Recv 5 228217088
    95	Recv 6 227707025
    96	Recv 7 226468018
    97	Send 0 18947813
    98	Send 1 17772365
    99	Send 2 10061712
   100	Send 3 10020823
   101	Send 4 10050069
   102	Send 5 10025509
   103	Send 6 10047530
   104	Send 7 10012560
   105	Send 0 351826839
   106	Send 1 322492391
   107	Send 2 191509450
   108	Send 3 190723363
   109	Send 4 191285841
   110	Send 5 190818325
   111	Send 6 191240964
   112	Send 7 190561596
   113	Recv 0 12246665
   114	Recv 1 11127132
   115	Recv 2 12241443
   116	Recv 3 12235999
   117	Recv 4 12299897
   118	Recv 5 12290417
   119	Recv 6 12261074
   120	Recv 7 12190416
   121	Recv 0 237820796
   122	Recv 1 209553532
   123	Recv 2 228544019
   124	Recv 3 228397091
   125	Recv 4 229533505
   126	Recv 5 229351299
   127	Recv 6 228846026
   128	Recv 7 227573482
   129	Send 0 19119375
   130	Send 1 17852634
   131	Send 2 10143884
   132	Send 3 10101947
   133	Send 4 10131689
   134	Send 5 10107857
   135	Send 6 10130387
   136	Send 7 10094134
   137	Send 0 356355435
   138	Send 1 324642605
   139	Send 2 193713046
   140	Send 3 192894173
   141	Send 4 193472526
   142	Send 5 193023237
   143	Send 6 193464083
   144	Send 7 192745884
   145	Recv 0 12418246
   146	Recv 1 11207287
   147	Recv 2 12323573
   148	Recv 3 12316996
   149	Recv 4 12381435
   150	Recv 5 12372728
   151	Recv 6 12343943
   152	Recv 7 12271891
   153	Recv 0 242364977
   154	Recv 1 211707886
   155	Recv 2 230747460
   156	Recv 3 230574545
   157	Recv 4 231722503
   158	Recv 5 231561820
   159	Recv 6 231068184
   160	Recv 7 229762785
   161	Send 0 19119385
   162	Send 1 18003754
   163	Send 2 10298347
   164	Send 3 10255136
   165	Send 4 10284562
   166	Send 5 10260865
   167	Send 6 10285664
   168	Send 7 10245875
   169	Send 0 356355625
   170	Send 1 328646190
   171	Send 2 197807361
   172	Send 3 196950227
   173	Send 4 197523984
   174	Send 5 197064202
   175	Send 6 197577784
   176	Send 7 196763346
   177	Recv 0 12418257
   178	Recv 1 11358464
   179	Recv 2 12477578
   180	Recv 3 12470223
   181	Recv 4 12534425
   182	Recv 5 12524317
   183	Recv 6 12498586
   184	Recv 7 12424141
   185	Recv 0 242365186
   186	Recv 1 215722594
   187	Recv 2 234835982
   188	Recv 3 234643946
   189	Recv 4 235783558
   190	Recv 5 235596739
   191	Recv 6 235169723
   192	Recv 7 233807460
   193	Send 0 19259828
   194	Send 1 18267060
   195	Send 2 10571165
   196	Send 3 10519445
   197	Send 4 10551492
   198	Send 5 10525314
   199	Send 6 10557195
   200	Send 7 10511074
   201	Send 0 360123655
   202	Send 1 335439506
   203	Send 2 204830298
   204	Send 3 203766875
   205	Send 4 204411892
   206	Send 5 203882444
   207	Send 6 204569167
   208	Send 7 203603806
   209	Recv 0 12558520
   210	Recv 1 11621999
   211	Recv 2 12744191
   212	Recv 3 12735302
   213	Recv 4 12801365
   214	Recv 5 12789841
   215	Recv 6 12764585
   216	Recv 7 12689568
   217	Recv 0 246143415
   218	Recv 1 222540538
   219	Recv 2 241748666
   220	Recv 3 241504056
   221	Recv 4 242686691
   222	Recv 5 242473210
   223	Recv 6 242059032
   224	Recv 7 240681709
   225	Send 0 19278800
   226	Send 1 18603204
   227	Send 2 10932208
   228	Send 3 10860659
   229	Send 4 10890014
   230	Send 5 10870560
   231	Send 6 10912769
   232	Send 7 10856245
   233	Send 0 360618177
   234	Send 1 343599698
   235	Send 2 213482118
   236	Send 3 212065876
   237	Send 4 212657259
   238	Send 5 212272949
   239	Send 6 213097434
   240	Send 7 211978228
   241	Recv 0 12576253
   242	Recv 1 11963797
   243	Recv 2 13074138
   244	Recv 3 13086758
   245	Recv 4 13154809
   246	Recv 5 13143783
   247	Recv 6 13092173
   248	Recv 7 13038307
   249	Recv 0 246613356
   250	Recv 1 230815224
   251	Recv 2 249817080
   252	Recv 3 249994441
   253	Recv 4 251207956
   254	Recv 5 251039144
   255	Recv 6 250063979
   256	Recv 7 249132480
   257	Send 0 19280844
   258	Send 1 18736038
   259	Send 2 11075557
   260	Send 3 10993335
   261	Send 4 11027101
   262	Send 5 11008062
   263	Send 6 11059419
   264	Send 7 10988568
   265	Send 0 360654969
   266	Send 1 346757780
   267	Send 2 216760872
   268	Send 3 215179673
   269	Send 4 215855695
   270	Send 5 215497546
   271	Send 6 216457243
   272	Send 7 215101826
   273	Recv 0 12578225
   274	Recv 1 12124501
   275	Recv 2 13202526
   276	Recv 3 13235903
   277	Recv 4 13300716
   278	Recv 5 13295453
   279	Recv 6 13222667
   280	Recv 7 13194002
   281	Recv 0 246648852
   282	Recv 1 234455580
   283	Recv 2 252795768
   284	Recv 3 253392455
   285	Recv 4 254550040
   286	Recv 5 254508953
   287	Recv 6 253103789
   288	Recv 7 252668626
   289	Send 0 19418903
   290	Send 1 18785833
   291	Send 2 11124599
   292	Send 3 11043275
   293	Send 4 11077004
   294	Send 5 11058080
   295	Send 6 11109238
   296	Send 7 11039063
   297	Send 0 364384164
   298	Send 1 348043114
   299	Send 2 218011788
   300	Send 3 216468976
   301	Send 4 217139035
   302	Send 5 216784008
   303	Send 6 217727754
   304	Send 7 216401738
   305	Recv 0 12716284
   306	Recv 1 12177784
   307	Recv 2 13250677
   308	Recv 3 13289761
   309	Recv 4 13353047
   310	Recv 5 13348180
   311	Recv 6 13271519
   312	Recv 7 13247242
   313	Recv 0 250374843
   314	Recv 1 235796793
   315	Recv 2 254021457
   316	Recv 3 254748998
   317	Recv 4 255874347
   318	Recv 5 255843548
   319	Recv 6 254351351
   320	Recv 7 254014758
